79932302902017
1
1
5
23
79932302902017
1
2
5
23
79932302902017
1
3
5
23
79932302902017
1
4
5
23
79932302902017
1
5
5
23
79932302902017
1
6
5
23
79932302902017
1
7
5
23
79932302902017
1
8
5
23
79932302902017
1
9
5
23
79932302902017
1
10
5
23
79932302902017
1
11
5
23
79932302902017
1
12
5
23
79932302902017
1
13
5
23
79932302902017
1
14
5
23
79932302902017
1
15
5
23
76426372902017
2
46
7
23
76426372902017
2
47
7
23
76426372902017
2
48
7
23
76426372902017
2
49
7
23
76426372902017
2
50
7
23
76426372902017
2
16
7
23
76426372902017
2
17
7
23
76426372902017
2
18
7
23
76426372902017
2
19
7
23
76426372902017
2
20
7
23
76426372902017
2
21
7
23
76426372902017
2
22
7
23
76426372902017
2
23
7
23
76426372902017
2
24
7
23
76426372902017
2
25
7
23
76426372902017
2
26
7
23
76426372902017
2
27
7
23
76426372902017
2
28
7
23
76426372902017
2
29
7
23
76426372902017
2
30
7
23
76426372902017
2
31
7
23
76426372902017
2
32
7
23
76426372902017
2
33
7
23
76426372902017
2
34
7
23
76426372902017
2
35
7
23
76426372902017
2
36
7
23
76426372902017
2
37
7
23
76426372902017
2
38
7
23
76426372902017
2
39
7
23
76426372902017
2
40
7
23
76426372902017
2
41
7
23
76426372902017
2
42
7
23
76426372902017
2
43
7
23
76426372902017
2
44
7
23
76426372902017
2
45
7
23
76426372902017
2
RAC1
7
23
76426372902017
2
RAC2
7
23
76426372902017
2
RAC3
7
23
76426372902017
2
RAC4
7
23
76426372902017
2
RAC5
7
23
76426372902017
2
RAC6
7
23
76426372902017
2
RAC7
7
23
76426372902017
2
RAC8
7
23
76426372902017
2
RAC9
7
23
76426372902017
2
RAC10
7
23
76426372902017
2
RAC11
7
23
76426372902017
2
RAC12
7
23
76426372902017
2
RAC13
7
23
76426372902017
2
RAC14
7
23
76426372902017
2
RAC15
7
23
76426372902017
2
RAC16
7
23
76426372902017
2
RAC17
7
23
76426372902017
2
RAC18
7
23
76426372902017
2
RAC19
7
23
76426372902017
2
RAC20
7
23
76426372902017
2
WL1
7
23
76426372902017
2
WL2
7
23
76426372902017
2
WL3
7
23
76426372902017
2
WL4
7
23
76426372902017
2
WL5
7
23
